
==========================================================================================
Statistic                     N        Mean       St. Dev.        Min            Max      
------------------------------------------------------------------------------------------
num_sale                    43,419     1.174        0.419          1              5       
Covid                       43,419     0.474        0.499          0              1       
Covid2                      43,419     0.418        0.493          0              1       
Cases                       20,579    306.831      563.335         0            4,021     
BathsFull                   43,419     1.910        0.905          0              17      
BathsHalf                   43,419     0.266        0.464          0              5       
BedsTotal                   43,419     2.719        1.491          0              25      
DOM                         43,419    43.305       58.857          0             946      
livSQFT                     43,419   1,337.832     846.916        120           17,408    
SQFTGarageCarport           43,419    165.536      229.649         0            4,444     
real.list.price             43,419  961,702.700  905,500.700   85,418.510   28,197,546.000
real.close.price            43,419  951,302.100  854,927.100   85,418.510   28,197,546.000
diff.price                  43,419   8,489.208   92,440.630  -2,010,000.000 6,900,000.000 
Basement                    43,419     0.013        0.115          0              1       
Split                       43,419     0.035        0.184          0              1       
PUD                         43,419     0.007        0.085          0              1       
LowRise                     43,419     0.089        0.285          0              1       
HighRise                    43,419     0.294        0.456          0              1       
Townhouse                   43,419     0.158        0.365          0              1       
Condotel                    43,419     0.036        0.187          0              1       
SingleFam                   43,419     0.424        0.494          0              1       
Duplex                      43,419     0.008        0.092          0              1       
MultiDwell                  43,419     0.019        0.136          0              1       
WalkUP                      43,419     0.044        0.204          0              1       
pool                        43,419     0.459        0.498          0              1       
Age                         43,419    37.561       19.753          0             123      
Age2                        43,419     1.801        1.576        0.000          15.129    
Age.r                       43,419     3.161        9.384          0              94      
SqftTotal                   43,419   1,483.001    1,001.289       175           23,350    
par_area                    43,419     2.990        5.855        0.014         128.918    
beach                       43,419     2.078        2.439        0.000          13.552    
park                        43,419     0.424        0.312        0.000          3.560     
hospital                    43,419     4.037        3.933        0.010          20.997    
airport                     43,419     9.081        5.611        0.993          30.986    
elem_sch                    43,419     1.159        4.575        0.016         196.490    
mid_sch                     43,419     2.190        1.590        0.037          17.684    
high_sch                    43,419     2.150        1.517        0.034          17.684    
per_white                   43,419     0.242        0.178        0.000          0.850     
per_black                   43,419     0.020        0.034        0.000          0.261     
per_asian                   43,419     0.435        0.198        0.000          1.000     
per_hawaian                 43,419     0.069        0.100        0.000          0.695     
per_occupied                43,419     0.878        0.166        0.0004         1.000     
per_vacant                  43,419     0.121        0.164        0.000          0.893     
per_owner                   43,419     0.663        0.205        0.000          1.000     
per_renter                  43,419     0.336        0.204        0.000          1.000     
HOA                         43,419    17.016       46.829          0            1,000     
Elevator                    43,419     0.719        1.537          0              36      
remod                       43,419     0.411        0.492          0              1       
lat                         43,419 2,361,376.000  7,639.949  2,350,907.000  2,400,056.000 
lon                         43,419  613,206.000  13,139.060   579,824.200    638,667.700  
PropertyTypeCondo_Townhouse 43,419     0.541        0.498          0              1       
PropertyTypeSingle Family   43,419     0.459        0.498          0              1       
StoriesOne                  43,419     0.346        0.476          0              1       
StoriesTwo                  43,419     0.335        0.472          0              1       
StoriesMulti                43,419     0.319        0.466          0              1       
year                        43,419   2,019.273      1.991        2,016          2,023     
LUCResidential              43,419     0.458        0.498          0              1       
LUCAgriculture              43,419     0.008        0.089          0              1       
LUCApartment-HD             43,419     0.030        0.171          0              1       
LUCApartment-LD             43,419     0.149        0.356          0              1       
LUCApartment-MD             43,419     0.165        0.371          0              1       
LUCBusiness                 43,419     0.038        0.191          0              1       
LUCOther                    43,419     0.120        0.325          0              1       
LUCResort                   43,419     0.031        0.174          0              1       
condAverage                 43,419     0.195        0.396          0              1       
condExcellent               43,419     0.334        0.472          0              1       
condAbove Average           43,419     0.427        0.495          0              1       
condFair                    43,419     0.045        0.206          0              1       
Parking0                    43,419     0.057        0.233          0              1       
Parking1                    43,419     0.261        0.439          0              1       
Parking2                    43,419     0.458        0.498          0              1       
Parking3                    43,419     0.062        0.240          0              1       
Parking4                    43,419     0.123        0.328          0              1       
Parking5 or More            43,419     0.039        0.193          0              1       
fld_zoneAE                  43,419     0.130        0.336          0              1       
fld_zoneA                   43,419     0.006        0.078          0              1       
fld_zoneAH                  43,419     0.002        0.042          0              1       
fld_zoneAO                  43,419     0.043        0.202          0              1       
fld_zoneD                   43,419     0.401        0.490          0              1       
fld_zoneVE                  43,419     0.008        0.089          0              1       
fld_zoneX                   43,419     0.411        0.492          0              1       
------------------------------------------------------------------------------------------

=========================================================================================
Statistic                     N        Mean       St. Dev.        Min           Max      
-----------------------------------------------------------------------------------------
num_sale                    22,840     1.073        0.265          1             4       
Covid                       22,840     0.000        0.000          0             0       
Covid2                      22,840     0.002        0.041          0             1       
BathsFull                   22,840     1.893        0.882          0             17      
BathsHalf                   22,840     0.263        0.459          0             5       
BedsTotal                   22,840     2.701        1.465          0             18      
DOM                         22,840    50.758       59.282          0            785      
livSQFT                     22,840   1,330.365     825.832        160          17,408    
SQFTGarageCarport           22,840    164.025      229.195         0           4,444     
real.list.price             22,840  936,419.100  882,708.900  99,684.440   28,197,546.000
real.close.price            22,840  917,942.700  830,069.000  118,448.600  28,197,546.000
diff.price                  22,840  15,197.280   70,588.700   -1,850,000     2,950,000   
Basement                    22,840     0.012        0.110          0             1       
Split                       22,840     0.035        0.183          0             1       
PUD                         22,840     0.008        0.087          0             1       
LowRise                     22,840     0.091        0.288          0             1       
HighRise                    22,840     0.294        0.455          0             1       
Townhouse                   22,840     0.153        0.360          0             1       
Condotel                    22,840     0.038        0.190          0             1       
SingleFam                   22,840     0.428        0.495          0             1       
Duplex                      22,840     0.009        0.093          0             1       
MultiDwell                  22,840     0.017        0.130          0             1       
WalkUP                      22,840     0.044        0.206          0             1       
pool                        22,840     0.463        0.499          0             1       
Age                         22,840    36.116       19.528          0            112      
Age2                        22,840     1.686        1.501        0.000         12.544    
Age.r                       22,840     3.000        9.114          0             88      
SqftTotal                   22,840   1,474.209     978.070        195          23,350    
par_area                    22,840     2.872        5.678        0.014        128.918    
beach                       22,840     2.112        2.486        0.000         13.552    
park                        22,840     0.421        0.306        0.000         3.302     
hospital                    22,840     3.931        3.823        0.015         20.997    
airport                     22,840     9.077        5.615        0.993         30.003    
elem_sch                    22,840     1.159        4.734        0.026        196.490    
mid_sch                     22,840     2.170        1.572        0.043         17.684    
high_sch                    22,840     2.125        1.495        0.034         17.684    
per_white                   22,840     0.241        0.180        0.000         0.850     
per_black                   22,840     0.020        0.034        0.000         0.261     
per_asian                   22,840     0.440        0.198       0.0002         1.000     
per_hawaian                 22,840     0.068        0.098        0.000         0.695     
per_occupied                22,840     0.879        0.169       0.0004         1.000     
per_vacant                  22,840     0.120        0.167        0.000         0.893     
per_owner                   22,840     0.667        0.202       0.0004         1.000     
per_renter                  22,840     0.332        0.202        0.000         0.986     
HOA                         22,840    16.017       44.514          0            667      
Elevator                    22,840     0.730        1.572          0             36      
remod                       22,840     0.390        0.488          0             1       
lat                         22,840 2,361,358.000  7,595.128  2,350,907.000 2,400,056.000 
lon                         22,840  613,352.600  12,913.650   579,824.200   638,667.700  
PropertyTypeCondo_Townhouse 22,840     0.537        0.499          0             1       
PropertyTypeSingle Family   22,840     0.463        0.499          0             1       
StoriesOne                  22,840     0.358        0.479          0             1       
StoriesTwo                  22,840     0.328        0.470          0             1       
StoriesMulti                22,840     0.313        0.464          0             1       
year                        22,840   2,017.643      1.171        2,016         2,020     
LUCResidential              22,840     0.460        0.498          0             1       
LUCAgriculture              22,840     0.008        0.090          0             1       
LUCApartment-HD             22,840     0.029        0.168          0             1       
LUCApartment-LD             22,840     0.146        0.353          0             1       
LUCApartment-MD             22,840     0.160        0.367          0             1       
LUCBusiness                 22,840     0.040        0.196          0             1       
LUCOther                    22,840     0.122        0.327          0             1       
LUCResort                   22,840     0.035        0.183          0             1       
condAverage                 22,840     0.193        0.394          0             1       
condExcellent               22,840     0.354        0.478          0             1       
condAbove Average           22,840     0.407        0.491          0             1       
condFair                    22,840     0.047        0.212          0             1       
Parking0                    22,840     0.060        0.237          0             1       
Parking1                    22,840     0.263        0.440          0             1       
Parking2                    22,840     0.469        0.499          0             1       
Parking3                    22,840     0.060        0.237          0             1       
Parking4                    22,840     0.115        0.319          0             1       
Parking5 or More            22,840     0.033        0.180          0             1       
fld_zoneAE                  22,840     0.136        0.343          0             1       
fld_zoneA                   22,840     0.006        0.074          0             1       
fld_zoneAH                  22,840     0.002        0.041          0             1       
fld_zoneAO                  22,840     0.042        0.201          0             1       
fld_zoneD                   22,840     0.398        0.489          0             1       
fld_zoneVE                  22,840     0.007        0.083          0             1       
fld_zoneX                   22,840     0.410        0.492          0             1       
-----------------------------------------------------------------------------------------

==========================================================================================
Statistic                     N        Mean       St. Dev.        Min            Max      
------------------------------------------------------------------------------------------
num_sale                    20,579     1.287        0.519          1              5       
Covid                       20,579     1.000        0.000          1              1       
Covid2                      20,579     0.881        0.324          0              1       
Cases                       20,579    306.831      563.335         0            4,021     
BathsFull                   20,579     1.929        0.930          0              15      
BathsHalf                   20,579     0.270        0.470          0              5       
BedsTotal                   20,579     2.739        1.518          0              25      
DOM                         20,579    35.034       57.258          0             946      
livSQFT                     20,579   1,346.120     869.663        120           16,703    
SQFTGarageCarport           20,579    167.212      230.147         0            3,200     
real.list.price             20,579  989,764.100  929,359.400   85,418.510   22,166,108.000
real.close.price            20,579  988,326.700  880,237.200   85,418.510   22,166,108.000
diff.price                  20,579   1,044.130   111,329.400 -2,010,000.000 6,900,000.000 
Basement                    20,579     0.014        0.119          0              1       
Split                       20,579     0.036        0.185          0              1       
PUD                         20,579     0.007        0.083          0              1       
LowRise                     20,579     0.087        0.282          0              1       
HighRise                    20,579     0.295        0.456          0              1       
Townhouse                   20,579     0.165        0.371          0              1       
Condotel                    20,579     0.035        0.183          0              1       
SingleFam                   20,579     0.419        0.493          0              1       
Duplex                      20,579     0.008        0.091          0              1       
MultiDwell                  20,579     0.021        0.144          0              1       
WalkUP                      20,579     0.043        0.202          0              1       
pool                        20,579     0.454        0.498          0              1       
Age                         20,579    39.166       19.878          0             123      
Age2                        20,579     1.929        1.646        0.000          15.129    
Age.r                       20,579     3.339        9.671          0              94      
SqftTotal                   20,579   1,492.760    1,026.380       175           18,919    
par_area                    20,579     3.121        6.043        0.014         111.969    
beach                       20,579     2.042        2.386        0.000          13.477    
park                        20,579     0.428        0.318        0.000          3.560     
hospital                    20,579     4.156        4.049        0.010          20.927    
airport                     20,579     9.085        5.606        0.993          30.986    
elem_sch                    20,579     1.158        4.391        0.016         196.490    
mid_sch                     20,579     2.212        1.609        0.037          17.655    
high_sch                    20,579     2.177        1.541        0.034          17.655    
per_white                   20,579     0.244        0.175        0.000          0.850     
per_black                   20,579     0.021        0.034        0.000          0.261     
per_asian                   20,579     0.430        0.197        0.000          1.000     
per_hawaian                 20,579     0.070        0.102        0.000          0.695     
per_occupied                20,579     0.878        0.162        0.107          1.000     
per_vacant                  20,579     0.121        0.160        0.000          0.893     
per_owner                   20,579     0.659        0.207        0.000          1.000     
per_renter                  20,579     0.339        0.207        0.000          1.000     
HOA                         20,579    18.125       49.248          0            1,000     
Elevator                    20,579     0.707        1.496          0              23      
remod                       20,579     0.435        0.496          0              1       
lat                         20,579 2,361,396.000  7,689.523  2,350,907.000  2,400,056.000 
lon                         20,579  613,043.400  13,383.240   579,905.600    638,597.200  
PropertyTypeCondo_Townhouse 20,579     0.546        0.498          0              1       
PropertyTypeSingle Family   20,579     0.454        0.498          0              1       
StoriesOne                  20,579     0.332        0.471          0              1       
StoriesTwo                  20,579     0.342        0.475          0              1       
StoriesMulti                20,579     0.325        0.468          0              1       
year                        20,579   2,021.083      0.786        2,020          2,023     
LUCResidential              20,579     0.456        0.498          0              1       
LUCAgriculture              20,579     0.008        0.088          0              1       
LUCApartment-HD             20,579     0.032        0.175          0              1       
LUCApartment-LD             20,579     0.151        0.358          0              1       
LUCApartment-MD             20,579     0.171        0.377          0              1       
LUCBusiness                 20,579     0.036        0.187          0              1       
LUCOther                    20,579     0.119        0.324          0              1       
LUCResort                   20,579     0.028        0.164          0              1       
condAverage                 20,579     0.196        0.397          0              1       
condExcellent               20,579     0.313        0.464          0              1       
condAbove Average           20,579     0.449        0.497          0              1       
condFair                    20,579     0.042        0.200          0              1       
Parking0                    20,579     0.055        0.228          0              1       
Parking1                    20,579     0.260        0.438          0              1       
Parking2                    20,579     0.446        0.497          0              1       
Parking3                    20,579     0.064        0.245          0              1       
Parking4                    20,579     0.131        0.338          0              1       
Parking5 or More            20,579     0.044        0.206          0              1       
fld_zoneAE                  20,579     0.123        0.329          0              1       
fld_zoneA                   20,579     0.007        0.082          0              1       
fld_zoneAH                  20,579     0.002        0.043          0              1       
fld_zoneAO                  20,579     0.043        0.202          0              1       
fld_zoneD                   20,579     0.405        0.491          0              1       
fld_zoneVE                  20,579     0.009        0.095          0              1       
fld_zoneX                   20,579     0.412        0.492          0              1       
------------------------------------------------------------------------------------------

=========================================================================================
Statistic                     N        Mean       St. Dev.        Min           Max      
-----------------------------------------------------------------------------------------
num_sale                    23,504     1.178        0.425          1             5       
Covid                       23,504     0.478        0.500          0             1       
Covid2                      23,504     0.429        0.495          0             1       
Cases                       11,242    316.539      574.305         0           4,021     
BathsFull                   23,504     1.493        0.555          0             6       
BathsHalf                   23,504     0.166        0.377          0             4       
BedsTotal                   23,504     1.790        0.919          0             8       
DOM                         23,504    45.145       61.313          0            946      
livSQFT                     23,504    877.055      391.938        120          10,740    
SQFTGarageCarport           23,504    24.773       93.800          0           1,380     
real.list.price             23,504  682,222.900  632,502.300  85,418.510   28,197,546.000
real.close.price            23,504  673,338.100  604,964.100  85,418.510   28,197,546.000
diff.price                  23,504   7,409.011   50,141.160    -300,000      4,750,000   
Basement                    23,504     0.001        0.036          0             1       
Split                       23,504     0.027        0.161          0             1       
PUD                         23,504     0.006        0.077          0             1       
LowRise                     23,504     0.165        0.371          0             1       
HighRise                    23,504     0.544        0.498          0             1       
Townhouse                   23,504     0.293        0.455          0             1       
Condotel                    23,504     0.067        0.250          0             1       
SingleFam                   23,504     0.002        0.050          0             1       
Duplex                      23,504     0.000        0.000          0             0       
MultiDwell                  23,504     0.000        0.000          0             0       
WalkUP                      23,504     0.081        0.272          0             1       
pool                        23,504    0.0001        0.011          0             1       
Age                         23,504    35.618       16.287          0             90      
Age2                        23,504     1.534        1.027        0.000         8.100     
Age.r                       23,504     1.455        4.035          0             57      
SqftTotal                   23,504    957.166      441.152        175          11,155    
par_area                    23,504     4.772        6.773        0.014        111.969    
beach                       23,504     1.697        2.214        0.000         12.788    
park                        23,504     0.337        0.267        0.000         2.165     
hospital                    23,504     3.094        3.436        0.015         20.403    
airport                     23,504     7.539        5.143        0.993         25.136    
elem_sch                    23,504     1.258        6.171        0.043        196.490    
mid_sch                     23,504     1.944        1.313        0.071         7.279     
high_sch                    23,504     1.795        1.194        0.034         6.804     
per_white                   23,504     0.271        0.187        0.000         0.828     
per_black                   23,504     0.022        0.035        0.000         0.241     
per_asian                   23,504     0.447        0.195        0.014         1.000     
per_hawaian                 23,504     0.057        0.085        0.000         0.640     
per_occupied                23,504     0.829        0.197        0.107         1.000     
per_vacant                  23,504     0.170        0.197        0.000         0.893     
per_owner                   23,504     0.577        0.192        0.028         0.985     
per_renter                  23,504     0.422        0.191        0.015         0.972     
HOA                         23,504    11.517       41.128          0           1,000     
Elevator                    23,504     1.308        1.894          0             36      
remod                       23,504     0.375        0.484          0             1       
lat                         23,504 2,359,549.000  6,873.481  2,351,113.000 2,400,056.000 
lon                         23,504  614,681.300  11,377.040   580,446.100   637,819.700  
PropertyTypeCondo_Townhouse 23,504     1.000        0.000          1             1       
PropertyTypeSingle Family   23,504     0.000        0.000          0             0       
StoriesOne                  23,504     0.259        0.438          0             1       
StoriesTwo                  23,504     0.196        0.397          0             1       
StoriesMulti                23,504     0.545        0.498          0             1       
year                        23,504   2,019.300      1.983        2,016         2,023     
LUCResidential              23,504     0.100        0.300          0             1       
LUCAgriculture              23,504     0.001        0.023          0             1       
LUCApartment-HD             23,504     0.056        0.229          0             1       
LUCApartment-LD             23,504     0.216        0.411          0             1       
LUCApartment-MD             23,504     0.290        0.454          0             1       
LUCBusiness                 23,504     0.070        0.255          0             1       
LUCOther                    23,504     0.210        0.407          0             1       
LUCResort                   23,504     0.058        0.233          0             1       
condAverage                 23,504     0.172        0.378          0             1       
condExcellent               23,504     0.365        0.482          0             1       
condAbove Average           23,504     0.439        0.496          0             1       
condFair                    23,504     0.023        0.151          0             1       
Parking0                    23,504     0.103        0.303          0             1       
Parking1                    23,504     0.456        0.498          0             1       
Parking2                    23,504     0.423        0.494          0             1       
Parking3                    23,504     0.009        0.095          0             1       
Parking4                    23,504     0.009        0.092          0             1       
Parking5 or More            23,504     0.001        0.034          0             1       
fld_zoneAE                  23,504     0.212        0.409          0             1       
fld_zoneA                   23,504     0.011        0.104          0             1       
fld_zoneAH                  23,504     0.001        0.024          0             1       
fld_zoneAO                  23,504     0.075        0.264          0             1       
fld_zoneD                   23,504     0.285        0.452          0             1       
fld_zoneVE                  23,504     0.008        0.090          0             1       
fld_zoneX                   23,504     0.407        0.491          0             1       
-----------------------------------------------------------------------------------------

=========================================================================================
Statistic                     N        Mean       St. Dev.        Min           Max      
-----------------------------------------------------------------------------------------
num_sale                    12,262     1.072        0.265          1             4       
Covid                       12,262     0.000        0.000          0             0       
Covid2                      12,262     0.002        0.040          0             1       
BathsFull                   12,262     1.487        0.556          0             4       
BathsHalf                   12,262     0.161        0.371          0             2       
BedsTotal                   12,262     1.776        0.914          0             5       
DOM                         12,262    50.196       59.254          0            785      
livSQFT                     12,262    876.532      390.728        160          6,273     
SQFTGarageCarport           12,262    19.170       82.547          0            942      
real.list.price             12,262  696,051.400  672,699.000  99,684.440   28,197,546.000
real.close.price            12,262  683,463.200  651,051.800  118,448.600  28,197,546.000
diff.price                  12,262  10,357.340   33,715.100    -152,000       750,000    
Basement                    12,262     0.001        0.031          0             1       
Split                       12,262     0.028        0.164          0             1       
PUD                         12,262     0.007        0.084          0             1       
LowRise                     12,262     0.170        0.376          0             1       
HighRise                    12,262     0.547        0.498          0             1       
Townhouse                   12,262     0.285        0.451          0             1       
Condotel                    12,262     0.070        0.256          0             1       
SingleFam                   12,262     0.003        0.053          0             1       
Duplex                      12,262     0.000        0.000          0             0       
MultiDwell                  12,262     0.000        0.000          0             0       
WalkUP                      12,262     0.083        0.275          0             1       
pool                        12,262    0.0002        0.013          0             1       
Age                         12,262    34.234       16.125          0             90      
Age2                        12,262     1.432        0.981        0.000         8.100     
Age.r                       12,262     1.375        3.829          0             57      
SqftTotal                   12,262    956.661      441.621        195          7,582     
par_area                    12,262     4.606        6.589        0.014         52.775    
beach                       12,262     1.680        2.228        0.000         12.788    
park                        12,262     0.328        0.256        0.012         1.753     
hospital                    12,262     2.964        3.267        0.015         20.403    
airport                     12,262     7.511        5.143        0.993         25.136    
elem_sch                    12,262     1.277        6.419        0.043        196.490    
mid_sch                     12,262     1.922        1.298        0.074         7.279     
high_sch                    12,262     1.778        1.182        0.034         6.804     
per_white                   12,262     0.274        0.194        0.000         0.828     
per_black                   12,262     0.021        0.035        0.000         0.241     
per_asian                   12,262     0.449        0.197        0.014         1.000     
per_hawaian                 12,262     0.056        0.084        0.000         0.640     
per_occupied                12,262     0.828        0.203        0.107         1.000     
per_vacant                  12,262     0.171        0.203        0.000         0.893     
per_owner                   12,262     0.579        0.188        0.060         0.985     
per_renter                  12,262     0.420        0.188        0.015         0.940     
HOA                         12,262    10.282       38.200          0            631      
Elevator                    12,262     1.360        1.936          0             36      
remod                       12,262     0.362        0.481          0             1       
lat                         12,262 2,359,458.000  6,887.822  2,351,113.000 2,400,056.000 
lon                         12,262  615,023.800  11,023.520   580,446.100   637,819.700  
PropertyTypeCondo_Townhouse 12,262     1.000        0.000          1             1       
PropertyTypeSingle Family   12,262     0.000        0.000          0             0       
StoriesOne                  12,262     0.272        0.445          0             1       
StoriesTwo                  12,262     0.187        0.390          0             1       
StoriesMulti                12,262     0.542        0.498          0             1       
year                        12,262   2,017.652      1.157        2,016         2,020     
LUCResidential              12,262     0.095        0.294          0             1       
LUCAgriculture              12,262    0.0002        0.016          0             1       
LUCApartment-HD             12,262     0.054        0.226          0             1       
LUCApartment-LD             12,262     0.214        0.410          0             1       
LUCApartment-MD             12,262     0.283        0.451          0             1       
LUCBusiness                 12,262     0.074        0.261          0             1       
LUCOther                    12,262     0.214        0.410          0             1       
LUCResort                   12,262     0.065        0.246          0             1       
condAverage                 12,262     0.171        0.376          0             1       
condExcellent               12,262     0.388        0.487          0             1       
condAbove Average           12,262     0.418        0.493          0             1       
condFair                    12,262     0.023        0.151          0             1       
Parking0                    12,262     0.107        0.310          0             1       
Parking1                    12,262     0.458        0.498          0             1       
Parking2                    12,262     0.417        0.493          0             1       
Parking3                    12,262     0.009        0.092          0             1       
Parking4                    12,262     0.008        0.087          0             1       
Parking5 or More            12,262     0.001        0.035          0             1       
fld_zoneAE                  12,262     0.227        0.419          0             1       
fld_zoneA                   12,262     0.010        0.098          0             1       
fld_zoneAH                  12,262     0.001        0.027          0             1       
fld_zoneAO                  12,262     0.075        0.264          0             1       
fld_zoneD                   12,262     0.271        0.444          0             1       
fld_zoneVE                  12,262     0.008        0.087          0             1       
fld_zoneX                   12,262     0.409        0.492          0             1       
-----------------------------------------------------------------------------------------

=========================================================================================
Statistic                     N        Mean       St. Dev.        Min           Max      
-----------------------------------------------------------------------------------------
num_sale                    11,242     1.293        0.525          1             5       
Covid                       11,242     1.000        0.000          1             1       
Covid2                      11,242     0.896        0.306          0             1       
Cases                       11,242    316.539      574.305         0           4,021     
BathsFull                   11,242     1.499        0.555          0             6       
BathsHalf                   11,242     0.172        0.384          0             4       
BedsTotal                   11,242     1.805        0.924          0             8       
DOM                         11,242    39.636       63.026          0            946      
livSQFT                     11,242    877.624      393.270        120          10,740    
SQFTGarageCarport           11,242    30.884       104.365         0           1,380     
real.list.price             11,242  667,139.800  585,178.000  85,418.510   17,256,276.000
real.close.price            11,242  662,294.200  550,128.100  85,418.510   12,768,128.000
diff.price                  11,242   4,193.173   63,221.440    -300,000      4,750,000   
Basement                    11,242     0.002        0.041          0             1       
Split                       11,242     0.026        0.158          0             1       
PUD                         11,242     0.005        0.070          0             1       
LowRise                     11,242     0.160        0.366          0             1       
HighRise                    11,242     0.540        0.498          0             1       
Townhouse                   11,242     0.301        0.459          0             1       
Condotel                    11,242     0.063        0.243          0             1       
SingleFam                   11,242     0.002        0.045          0             1       
Duplex                      11,242     0.000        0.000          0             0       
MultiDwell                  11,242     0.000        0.000          0             0       
WalkUP                      11,242     0.078        0.269          0             1       
pool                        11,242    0.0001        0.009          0             1       
Age                         11,242    37.127       16.329          0             83      
Age2                        11,242     1.645        1.065        0.000         6.889     
Age.r                       11,242     1.543        4.246          0             45      
SqftTotal                   11,242    957.717      440.658        175          11,155    
par_area                    11,242     4.952        6.964        0.014        111.969    
beach                       11,242     1.716        2.198        0.000         12.788    
park                        11,242     0.347        0.278        0.000         2.165     
hospital                    11,242     3.237        3.607        0.015         20.403    
airport                     11,242     7.569        5.144        0.993         25.136    
elem_sch                    11,242     1.237        5.889        0.043        196.490    
mid_sch                     11,242     1.967        1.329        0.071         7.279     
high_sch                    11,242     1.813        1.206        0.034         6.508     
per_white                   11,242     0.268        0.180        0.000         0.828     
per_black                   11,242     0.023        0.035        0.000         0.241     
per_asian                   11,242     0.444        0.193        0.014         1.000     
per_hawaian                 11,242     0.058        0.087        0.000         0.640     
per_occupied                11,242     0.831        0.191        0.107         1.000     
per_vacant                  11,242     0.168        0.190        0.000         0.893     
per_owner                   11,242     0.574        0.196        0.028         0.981     
per_renter                  11,242     0.425        0.195        0.019         0.972     
HOA                         11,242    12.864       44.063          0           1,000     
Elevator                    11,242     1.252        1.844          0             23      
remod                       11,242     0.388        0.487          0             1       
lat                         11,242 2,359,648.000  6,856.735  2,351,215.000 2,400,056.000 
lon                         11,242  614,307.800  11,739.610   580,446.100   637,819.700  
PropertyTypeCondo_Townhouse 11,242     1.000        0.000          1             1       
PropertyTypeSingle Family   11,242     0.000        0.000          0             0       
StoriesOne                  11,242     0.245        0.430          0             1       
StoriesTwo                  11,242     0.207        0.405          0             1       
StoriesMulti                11,242     0.549        0.498          0             1       
year                        11,242   2,021.098      0.753        2,020         2,023     
LUCResidential              11,242     0.105        0.306          0             1       
LUCAgriculture              11,242     0.001        0.028          0             1       
LUCApartment-HD             11,242     0.058        0.233          0             1       
LUCApartment-LD             11,242     0.217        0.412          0             1       
LUCApartment-MD             11,242     0.298        0.457          0             1       
LUCBusiness                 11,242     0.066        0.248          0             1       
LUCOther                    11,242     0.206        0.404          0             1       
LUCResort                   11,242     0.050        0.219          0             1       
condAverage                 11,242     0.174        0.379          0             1       
condExcellent               11,242     0.341        0.474          0             1       
condAbove Average           11,242     0.462        0.499          0             1       
condFair                    11,242     0.023        0.150          0             1       
Parking0                    11,242     0.097        0.296          0             1       
Parking1                    11,242     0.454        0.498          0             1       
Parking2                    11,242     0.429        0.495          0             1       
Parking3                    11,242     0.010        0.097          0             1       
Parking4                    11,242     0.009        0.097          0             1       
Parking5 or More            11,242     0.001        0.034          0             1       
fld_zoneAE                  11,242     0.196        0.397          0             1       
fld_zoneA                   11,242     0.012        0.110          0             1       
fld_zoneAH                  11,242    0.0004        0.021          0             1       
fld_zoneAO                  11,242     0.075        0.264          0             1       
fld_zoneD                   11,242     0.301        0.459          0             1       
fld_zoneVE                  11,242     0.009        0.093          0             1       
fld_zoneX                   11,242     0.406        0.491          0             1       
-----------------------------------------------------------------------------------------

============================================================================================
Statistic                     N        Mean        St. Dev.         Min            Max      
--------------------------------------------------------------------------------------------
num_sale                    19,915     1.170         0.413           1              4       
Covid                       19,915     0.469         0.499           0              1       
Covid2                      19,915     0.406         0.491           0              1       
Cases                       9,337     295.142       549.641          0            4,021     
BathsFull                   19,915     2.402         0.988           0              17      
BathsHalf                   19,915     0.384         0.525           0              5       
BedsTotal                   19,915     3.815         1.276           0              25      
DOM                         19,915    41.134        55.743           0             739      
livSQFT                     19,915   1,881.649      914.437         220           17,408    
SQFTGarageCarport           19,915    331.666       231.548          0            4,444     
real.list.price             19,915 1,291,549.000 1,055,709.000  168,375.100   23,293,838.000
real.close.price            19,915 1,279,360.000  981,225.300   180,401.900   22,166,108.000
diff.price                  19,915   9,764.074    125,143.100  -2,010,000.000 6,900,000.000 
Basement                    19,915     0.027         0.163           0              1       
Split                       19,915     0.045         0.208           0              1       
PUD                         19,915     0.009         0.093           0              1       
LowRise                     19,915     0.000         0.000           0              0       
HighRise                    19,915     0.000         0.000           0              0       
Townhouse                   19,915     0.000         0.000           0              0       
Condotel                    19,915     0.000         0.000           0              0       
SingleFam                   19,915     0.921         0.270           0              1       
Duplex                      19,915     0.018         0.135           0              1       
MultiDwell                  19,915     0.041         0.199           0              1       
WalkUP                      19,915     0.000         0.000           0              0       
pool                        19,915     1.000         0.000           1              1       
Age                         19,915    39.856        22.977           0             123      
Age2                        19,915     2.116         1.996         0.000          15.129    
Age.r                       19,915     5.173        12.856           0              94      
SqftTotal                   19,915   2,103.600     1,115.660        220           23,350    
par_area                    19,915     0.887         3.527         0.021         128.918    
beach                       19,915     2.528         2.611         0.000          13.552    
park                        19,915     0.527         0.330         0.000          3.560     
hospital                    19,915     5.150         4.184         0.010          20.997    
airport                     19,915    10.901         5.594         1.274          30.986    
elem_sch                    19,915     1.042         0.809         0.016          7.453     
mid_sch                     19,915     2.481         1.822         0.037          17.684    
high_sch                    19,915     2.568         1.736         0.037          17.684    
per_white                   19,915     0.208         0.159         0.000          0.850     
per_black                   19,915     0.019         0.033         0.000          0.261     
per_asian                   19,915     0.422         0.200         0.000          0.957     
per_hawaian                 19,915     0.083         0.114         0.000          0.695     
per_occupied                19,915     0.936         0.088         0.0004         1.000     
per_vacant                  19,915     0.063         0.083         0.000          0.699     
per_owner                   19,915     0.765         0.169         0.000          1.000     
per_renter                  19,915     0.233         0.168         0.000          1.000     
HOA                         19,915    23.505        52.029           0             667      
Elevator                    19,915     0.024         0.154           0              1       
remod                       19,915     0.454         0.498           0              1       
lat                         19,915 2,363,533.000   7,931.252   2,350,907.000  2,399,920.000 
lon                         19,915  611,464.800   14,765.700    579,824.200    638,667.700  
PropertyTypeCondo_Townhouse 19,915     0.000         0.000           0              0       
PropertyTypeSingle Family   19,915     1.000         0.000           1              1       
StoriesOne                  19,915     0.449         0.497           0              1       
StoriesTwo                  19,915     0.499         0.500           0              1       
StoriesMulti                19,915     0.052         0.222           0              1       
year                        19,915   2,019.242       2.000         2,016          2,023     
LUCResidential              19,915     0.881         0.324           0              1       
LUCAgriculture              19,915     0.017         0.129           0              1       
LUCApartment-HD             19,915    0.0002         0.012           0              1       
LUCApartment-LD             19,915     0.070         0.254           0              1       
LUCApartment-MD             19,915     0.018         0.132           0              1       
LUCBusiness                 19,915     0.001         0.022           0              1       
LUCOther                    19,915     0.014         0.118           0              1       
LUCResort                   19,915    0.0002         0.012           0              1       
condAverage                 19,915     0.221         0.415           0              1       
condExcellent               19,915     0.297         0.457           0              1       
condAbove Average           19,915     0.412         0.492           0              1       
condFair                    19,915     0.070         0.254           0              1       
Parking0                    19,915     0.004         0.064           0              1       
Parking1                    19,915     0.032         0.176           0              1       
Parking2                    19,915     0.500         0.500           0              1       
Parking3                    19,915     0.124         0.329           0              1       
Parking4                    19,915     0.258         0.437           0              1       
Parking5 or More            19,915     0.083         0.276           0              1       
fld_zoneAE                  19,915     0.033         0.178           0              1       
fld_zoneA                   19,915    0.0004         0.019           0              1       
fld_zoneAH                  19,915     0.003         0.056           0              1       
fld_zoneAO                  19,915     0.004         0.062           0              1       
fld_zoneD                   19,915     0.538         0.499           0              1       
fld_zoneVE                  19,915     0.008         0.088           0              1       
fld_zoneX                   19,915     0.415         0.493           0              1       
--------------------------------------------------------------------------------------------

===========================================================================================
Statistic                     N        Mean        St. Dev.         Min           Max      
-------------------------------------------------------------------------------------------
num_sale                    10,578     1.073         0.265           1             3       
Covid                       10,578     0.000         0.000           0             0       
Covid2                      10,578     0.002         0.042           0             1       
BathsFull                   10,578     2.363         0.954           0             17      
BathsHalf                   10,578     0.381         0.519           0             5       
BedsTotal                   10,578     3.772         1.236           0             18      
DOM                         10,578    51.409        59.311           0            739      
livSQFT                     10,578   1,856.447      883.235         420          17,408    
SQFTGarageCarport           10,578    331.940       230.231          0           4,444     
real.list.price             10,578 1,215,053.000 1,006,619.000  168,375.100  23,293,838.000
real.close.price            10,578 1,189,751.000  926,722.500   180,401.900  21,058,570.000
diff.price                  10,578  20,807.720    96,865.890    -1,850,000     2,950,000   
Basement                    10,578     0.025         0.157           0             1       
Split                       10,578     0.043         0.203           0             1       
PUD                         10,578     0.008         0.090           0             1       
LowRise                     10,578     0.000         0.000           0             0       
HighRise                    10,578     0.000         0.000           0             0       
Townhouse                   10,578     0.000         0.000           0             0       
Condotel                    10,578     0.000         0.000           0             0       
SingleFam                   10,578     0.922         0.269           0             1       
Duplex                      10,578     0.019         0.136           0             1       
MultiDwell                  10,578     0.037         0.188           0             1       
WalkUP                      10,578     0.000         0.000           0             0       
pool                        10,578     1.000         0.000           1             1       
Age                         10,578    38.298        22.652           0            112      
Age2                        10,578     1.980         1.894         0.000         12.544    
Age.r                       10,578     4.883        12.480           0             88      
SqftTotal                   10,578   2,074.149     1,081.234        496          23,350    
par_area                    10,578     0.861         3.429         0.029        128.918    
beach                       10,578     2.612         2.669         0.000         13.552    
park                        10,578     0.528         0.324         0.000         3.302     
hospital                    10,578     5.052         4.104         0.022         20.997    
airport                     10,578    10.893         5.593         1.296         30.003    
elem_sch                    10,578     1.023         0.774         0.026         7.116     
mid_sch                     10,578     2.458         1.797         0.043         17.684    
high_sch                    10,578     2.527         1.704         0.048         17.684    
per_white                   10,578     0.203         0.154         0.000         0.850     
per_black                   10,578     0.019         0.033         0.000         0.261     
per_asian                   10,578     0.429         0.198        0.0002         0.957     
per_hawaian                 10,578     0.082         0.111         0.000         0.695     
per_occupied                10,578     0.937         0.086        0.0004         1.000     
per_vacant                  10,578     0.061         0.080         0.000         0.699     
per_owner                   10,578     0.768         0.167        0.0004         1.000     
per_renter                  10,578     0.231         0.166         0.000         0.986     
HOA                         10,578    22.664        50.048           0            667      
Elevator                    10,578     0.000         0.000           0             0       
remod                       10,578     0.421         0.494           0             1       
lat                         10,578 2,363,561.000   7,779.773   2,350,907.000 2,399,920.000 
lon                         10,578  611,415.200   14,568.250    579,824.200   638,667.700  
PropertyTypeCondo_Townhouse 10,578     0.000         0.000           0             0       
PropertyTypeSingle Family   10,578     1.000         0.000           1             1       
StoriesOne                  10,578     0.458         0.498           0             1       
StoriesTwo                  10,578     0.493         0.500           0             1       
StoriesMulti                10,578     0.049         0.216           0             1       
year                        10,578   2,017.633       1.187         2,016         2,020     
LUCResidential              10,578     0.883         0.321           0             1       
LUCAgriculture              10,578     0.017         0.131           0             1       
LUCApartment-HD             10,578    0.0002         0.014           0             1       
LUCApartment-LD             10,578     0.068         0.251           0             1       
LUCApartment-MD             10,578     0.017         0.129           0             1       
LUCBusiness                 10,578     0.001         0.024           0             1       
LUCOther                    10,578     0.014         0.117           0             1       
LUCResort                   10,578     0.000         0.000           0             0       
condAverage                 10,578     0.218         0.413           0             1       
condExcellent               10,578     0.314         0.464           0             1       
condAbove Average           10,578     0.393         0.488           0             1       
condFair                    10,578     0.074         0.263           0             1       
Parking0                    10,578     0.004         0.067           0             1       
Parking1                    10,578     0.037         0.189           0             1       
Parking2                    10,578     0.529         0.499           0             1       
Parking3                    10,578     0.119         0.323           0             1       
Parking4                    10,578     0.240         0.427           0             1       
Parking5 or More            10,578     0.071         0.257           0             1       
fld_zoneAE                  10,578     0.031         0.172           0             1       
fld_zoneA                   10,578     0.001         0.024           0             1       
fld_zoneAH                  10,578     0.003         0.053           0             1       
fld_zoneAO                  10,578     0.004         0.064           0             1       
fld_zoneD                   10,578     0.545         0.498           0             1       
fld_zoneVE                  10,578     0.006         0.078           0             1       
fld_zoneX                   10,578     0.411         0.492           0             1       
-------------------------------------------------------------------------------------------

===========================================================================================
Statistic                     N       Mean        St. Dev.         Min            Max      
-------------------------------------------------------------------------------------------
num_sale                    9,337     1.279         0.511           1              4       
Covid                       9,337     1.000         0.000           1              1       
Covid2                      9,337     0.863         0.344           0              1       
Cases                       9,337    295.142       549.641          0            4,021     
BathsFull                   9,337     2.446         1.023           0              15      
BathsHalf                   9,337     0.389         0.532           0              5       
BedsTotal                   9,337     3.864         1.317           0              25      
DOM                         9,337    29.494        48.860           0             593      
livSQFT                     9,337   1,910.202      947.784         220           16,703    
SQFTGarageCarport           9,337    331.355       233.042          0            3,200     
real.list.price             9,337 1,378,213.000 1,102,360.000  322,529.700   22,166,108.000
real.close.price            9,337 1,380,878.000 1,030,200.000  310,013.300   22,166,108.000
diff.price                  9,337  -2,747.403    149,933.300  -2,010,000.000 6,900,000.000 
Basement                    9,337     0.030         0.170           0              1       
Split                       9,337     0.048         0.213           0              1       
PUD                         9,337     0.009         0.097           0              1       
LowRise                     9,337     0.000         0.000           0              0       
HighRise                    9,337     0.000         0.000           0              0       
Townhouse                   9,337     0.000         0.000           0              0       
Condotel                    9,337     0.000         0.000           0              0       
SingleFam                   9,337     0.920         0.271           0              1       
Duplex                      9,337     0.018         0.134           0              1       
MultiDwell                  9,337     0.046         0.210           0              1       
WalkUP                      9,337     0.000         0.000           0              0       
pool                        9,337     1.000         0.000           1              1       
Age                         9,337    41.621        23.214           0             123      
Age2                        9,337     2.271         2.096         0.000          15.129    
Age.r                       9,337     5.501        13.263           0              94      
SqftTotal                   9,337   2,136.966     1,152.570        220           18,919    
par_area                    9,337     0.917         3.635         0.021         103.124    
beach                       9,337     2.433         2.540         0.000          13.477    
park                        9,337     0.525         0.336         0.000          3.560     
hospital                    9,337     5.262         4.270         0.010          20.927    
airport                     9,337    10.909         5.596         1.274          30.986    
elem_sch                    9,337     1.063         0.847         0.016          7.453     
mid_sch                     9,337     2.507         1.850         0.037          17.655    
high_sch                    9,337     2.615         1.770         0.037          17.655    
per_white                   9,337     0.215         0.163         0.000          0.850     
per_black                   9,337     0.019         0.033         0.000          0.261     
per_asian                   9,337     0.414         0.201         0.000          0.957     
per_hawaian                 9,337     0.084         0.117         0.000          0.695     
per_occupied                9,337     0.934         0.089         0.137          1.000     
per_vacant                  9,337     0.064         0.085         0.000          0.699     
per_owner                   9,337     0.762         0.172         0.000          1.000     
per_renter                  9,337     0.236         0.171         0.000          1.000     
HOA                         9,337    24.458        54.174           0             623      
Elevator                    9,337     0.052         0.222           0              1       
remod                       9,337     0.491         0.500           0              1       
lat                         9,337 2,363,502.000   8,099.744   2,350,907.000  2,399,737.000 
lon                         9,337  611,521.000   14,986.840    579,905.600    638,597.200  
PropertyTypeCondo_Townhouse 9,337     0.000         0.000           0              0       
PropertyTypeSingle Family   9,337     1.000         0.000           1              1       
StoriesOne                  9,337     0.438         0.496           0              1       
StoriesTwo                  9,337     0.506         0.500           0              1       
StoriesMulti                9,337     0.056         0.230           0              1       
year                        9,337   2,021.064       0.823         2,020          2,023     
LUCResidential              9,337     0.878         0.327           0              1       
LUCAgriculture              9,337     0.016         0.127           0              1       
LUCApartment-HD             9,337    0.0001         0.010           0              1       
LUCApartment-LD             9,337     0.072         0.258           0              1       
LUCApartment-MD             9,337     0.019         0.135           0              1       
LUCBusiness                 9,337    0.0004         0.021           0              1       
LUCOther                    9,337     0.014         0.119           0              1       
LUCResort                   9,337    0.0003         0.018           0              1       
condAverage                 9,337     0.223         0.416           0              1       
condExcellent               9,337     0.279         0.448           0              1       
condAbove Average           9,337     0.434         0.496           0              1       
condFair                    9,337     0.064         0.245           0              1       
Parking0                    9,337     0.004         0.062           0              1       
Parking1                    9,337     0.026         0.159           0              1       
Parking2                    9,337     0.466         0.499           0              1       
Parking3                    9,337     0.129         0.336           0              1       
Parking4                    9,337     0.278         0.448           0              1       
Parking5 or More            9,337     0.096         0.295           0              1       
fld_zoneAE                  9,337     0.035         0.184           0              1       
fld_zoneA                   9,337    0.0001         0.010           0              1       
fld_zoneAH                  9,337     0.004         0.059           0              1       
fld_zoneAO                  9,337     0.004         0.060           0              1       
fld_zoneD                   9,337     0.529         0.499           0              1       
fld_zoneVE                  9,337     0.010         0.098           0              1       
fld_zoneX                   9,337     0.419         0.493           0              1       
-------------------------------------------------------------------------------------------
